0, 0 0 0.7 0.33 0 0 1
1, 0 0 0.7 0.33 1 1 0
1, 0 0 0.7 0.33 1 1 1
1, 0 0 0.7 0.33 1 0 0
1, 0 0 0.7 0.33 1 0 1
1, 0 0 0.7 0.33 1 1 1
0, 0 0 0.7 0.33 0 0 0
0, 0 0 0.7 0.33 0 0 0
0, 0 0 0.7 0.33 0 0 0
0, 0 0 0.7 0.33 0 0 0
0, 0 0 0.7 0.33 0 1 1
0, 0 0 0.7 0.33 0 0 0
0, 0 0 0.7 0.33 0 0 0
0, 0 0 0.7 0.33 0 0 0
0, 0 0 0.7 0.33 0 0 0
0, 0 0 0.7 0.33 0 1 0
0, 0 0 0.7 0.33 0 0 0
0, 0 0 0.7 0.33 0 0 1
0, 0 0 0.7 0.33 0 0 0
0, 0 0 0.7 0.33 0 0 0
1, 0 0 0.7 0.33 0 1 1
1, 0 0 0.7 0.33 1 1 0
0, 0 0 0.7 0.33 1 1 0
0, 0 0 0.7 0.33 0 0 0
0, 0 0 0.7 0.33 1 0 1
0, 0 0 0.7 0.33 0 0 1
0, 0 0 0.7 0.33 0 0 0
0, 0 0 0.7 0.33 0 0 0
0, 0 0 0.7 0.33 0 0 1
0, 0 0 0.7 0.33 0 0 0
0, 0 0 0.7 0.33 1 0 1
0, 0 0 0.7 0.33 0 0 0
0, 0 0 0.7 0.33 0 0 0
0, 0 0 0.7 0.33 0 0 0
0, 0 0 0.7 0.33 0 0 0
0, 0 0 0.7 0.33 0 0 1
0, 0 0 0.7 0.33 0 0 0
0, 0 0 0.7 0.33 0 0 0
0, 0 0 0.7 0.33 0 0 1
0, 0 0 0.7 0.33 0 1 0
0, 0 0 0.7 0.33 0 0 1
0, 0 0 0.7 0.33 0 0 0
0, 0 0 0.7 0.33 0 0 0
0, 0 0 0.7 0.33 0 1 0
0, 0 0 0.7 0.33 0 0 0
0, 0 0 0.7 0.33 0 0 0
0, 0 0 0.7 0.33 0 0 1
1, 0 0 0.7 0.34 1 1 0
0, 0 0 0.7 0.34 0 0 1
0, 0 0 0.7 0.34 1 0 0
0, 0 0 0.7 0.34 0 0 1
0, 0 0 0.7 0.34 0 0 0
0, 0 0 0.7 0.34 0 0 0
0, 0 0 0.7 0.34 1 0 1
0, 0 0 0.7 0.34 0 0 0
0, 0 0 0.7 0.34 0 0 0
0, 0 0 0.7 0.34 0 0 1
0, 0 0 0.7 0.34 1 0 0
0, 0 0 0.7 0.34 0 0 1
0, 0 0 0.7 0.34 0 0 0
0, 0 0 0.7 0.34 0 1 0
0, 0 0 0.7 0.34 0 0 0
0, 0 0 0.7 0.34 0 0 1
0, 0 0 0.7 0.34 0 0 0
0, 0 0 0.7 0.34 0 0 1
1, 0 0 0.7 0.33 1 1 0
1, 0 0 0.7 0.33 1 1 0
1, 0 0 0.0 0.0 1 1 0
0, 0 0 0.0 0.0 0 0 1
0, 0 0 0.0 0.0 0 0 0
0, 0 0 0.0 0.0 1 0 0
0, 0 0 0.0 0.0 0 0 0
0, 0 0 0.0 0.0 1 0 0
0, 0 0 0.0 0.0 0 0 1
0, 0 0 0.0 0.0 0 0 1
0, 0 0 0.0 0.0 0 0 0
0, 0 0 0.0 0.0 0 0 0
0, 0 0 0.0 0.0 0 1 1
0, 0 0 0.0 0.0 0 0 0
0, 0 0 0.0 0.0 0 1 0
0, 0 0 0.0 0.0 1 0 1
0, 0 0 0.0 0.0 1 0 1
0, 0 0 0.0 0.0 0 0 0
0, 0 0 0.0 0.0 0 1 0
0, 0 0 0.0 0.0 0 0 0
0, 0 0 0.0 0.0 0 1 0
0, 0 0 0.0 0.0 0 1 1
0, 0 0 0.0 0.0 0 0 1
0, 0 0 0.0 0.0 0 0 0
0, 0 0 0.0 0.0 0 0 0
0, 0 0 0.0 0.0 0 0 0
0, 0 0 0.0 0.0 0 0 0
0, 0 0 0.0 0.0 0 0 1
0, 0 0 0.0 0.0 0 1 0
0, 0 0 0.0 0.0 0 0 0
0, 0 0 0.0 0.0 1 0 1
0, 0 0 0.0 0.0 0 1 0
0, 0 0 0.0 0.0 1 0 0
1, 0 0 0.0 0.0 1 0 0
1, 0 0 0.0 0.0 1 0 0
1, 0 0 0.0 0.0 1 0 1
1, 0 0 0.0 0.0 0 0 0
1, 0 0 0.0 0.0 1 0 0
1, 0 0 0.0 0.0 0 1 0
1, 0 0 0.0 0.0 1 1 1
1, 0 0 0.0 0.0 1 1 0
1, 0 0 0.0 0.0 1 1 0
1, 0 0 0.0 0.0 1 1 0
1, 0 0 0.0 0.0 1 0 0
1, 0 0 0.0 0.0 1 0 1
1, 0 0 0.0 0.0 0 0 1
1, 0 0 0.0 0.0 1 1 1
1, 0 0 0.0 0.0 1 0 0
1, 0 0 0.0 0.0 1 1 0
1, 0 0 0.0 0.0 1 0 0
1, 0 0 0.0 0.0 1 1 1
1, 0 0 0.0 0.0 1 1 0
1, 0 0 0.0 0.0 1 1 0
1, 0 0 0.0 0.0 0 0 1
1, 0 0 0.0 0.0 1 0 0
1, 0 0 0.0 0.0 1 1 0
1, 0 0 0.0 0.0 1 1 1
1, 0 0 0.0 0.0 1 1 0
1, 0 0 0.0 0.0 1 1 1
1, 0 0 0.0 0.0 1 0 0
0, 0 0 0.0 0.0 1 0 0
1, 0 0 0.0 0.0 1 1 0
1, 0 0 0.0 0.0 1 1 1
1, 0 0 0.0 0.0 0 0 0
1, 0 0 0.0 0.0 1 1 0
1, 0 0 0.0 0.0 1 1 0
1, 0 0 0.0 0.0 0 0 0
0, 0 0 0.0 0.0 0 0 0
0, 0 0 0.0 0.0 0 0 0
0, 0 0 0.0 0.0 0 0 0
0, 0 0 0.0 0.0 0 0 0
1, 0 0 0.0 0.0 0 1 0
1, 0 0 0.0 0.0 1 0 0
1, 0 0 0.0 0.0 0 0 1
1, 0 0 0.0 0.0 1 1 0
1, 0 0 0.0 0.0 1 1 0
1, 0 0 0.0 0.0 0 1 0
0, 0 0 0.9 0.43 0 0 0
0, 0 0 0.9 0.43 1 0 0
1, 0 0 0.9 0.43 1 1 0
1, 0 0 0.9 0.43 1 0 0
0, 0 0 0.9 0.43 0 0 0
0, 0 0 0.9 0.43 0 0 0
0, 0 0 0.9 0.43 0 1 1
1, 0 0 0.9 0.43 1 1 0
1, 0 0 0.9 0.43 1 1 0
1, 0 0 0.9 0.43 0 1 1
1, 0 0 0.9 0.43 1 1 0
1, 0 0 0.9 0.43 1 1 0
1, 0 0 0.9 0.43 0 1 0
1, 0 0 0.9 0.43 0 1 0
1, 0 0 0.9 0.43 1 1 0
1, 0 0 0.9 0.43 1 1 0
0, 0 0 0.9 0.43 0 0 0
0, 0 0 0.9 0.43 0 0 0
0, 0 0 0.9 0.43 0 0 0
0, 0 0 0.9 0.43 0 0 1
0, 0 0 0.9 0.43 0 0 0
0, 0 0 0.9 0.43 0 0 0
0, 0 0 0.9 0.43 0 0 0
0, 0 0 0.9 0.43 0 0 1
0, 0 0 0.9 0.43 0 1 0
0, 0 0 0.9 0.43 0 0 1
0, 0 0 0.9 0.43 0 0 0
0, 0 0 0.9 0.43 0 0 0
0, 0 0 0.9 0.43 1 0 0
1, 0 0 0.9 0.43 1 1 1
0, 0 0 0.9 0.43 0 0 0
0, 0 0 0.9 0.43 0 0 1
0, 0 0 0.45 0.2569 0 0 0
1, 0 0 0.45 0.2569 1 0 0
0, 0 0 0.45 0.2569 0 0 0
0, 0 0 0.45 0.2569 0 0 0
0, 0 0 0.45 0.2569 1 1 0
0, 0 0 0.45 0.2569 0 0 1
0, 0 0 0.45 0.2569 0 0 0
0, 0 0 0.45 0.2569 0 0 1
0, 0 0 0.45 0.2569 0 0 0
0, 0 0 0.45 0.2569 0 0 0
0, 0 0 0.45 0.2569 0 0 0
0, 0 0 0.45 0.2569 0 0 0
0, 0 0 0.45 0.2569 0 0 1
0, 0 0 0.45 0.2569 0 0 1
0, 0 0 0.45 0.2569 0 0 1
0, 0 0 0.45 0.2569 0 0 0
0, 0 0 0.45 0.2569 0 0 1
0, 0 0 0.45 0.2569 0 0 0
0, 0 0 0.45 0.2569 0 0 1
0, 0 0 0.45 0.2569 0 0 1
0, 0 0 0.45 0.2569 1 0 0
0, 0 0 0.45 0.2569 0 0 0
0, 0 0 0.45 0.2569 0 1 0
0, 0 0 0.45 0.2569 1 0 1
0, 0 0 0.45 0.2569 0 0 1
0, 0 0 0.45 0.2569 0 0 0
0, 0 0 0.45 0.2569 0 0 0
0, 0 0 0.45 0.2569 0 0 0
0, 0 0 0.45 0.2569 0 0 0
0, 0 0 0.45 0.2569 1 1 0
0, 0 0 0.45 0.2569 1 0 0
0, 0 0 0.45 0.2569 1 0 0
0, 0 0 0.45 0.2569 0 0 1
0, 0 0 0.45 0.2569 0 1 0
0, 0 0 0.45 0.2569 0 0 0
0, 0 0 0.45 0.2569 0 0 0
0, 0 0 0.51 0.2736 0 0 0
0, 0 0 0.51 0.2736 0 0 0
0, 0 0 0.51 0.2736 0 0 0
0, 0 0 0.51 0.2736 0 0 0
0, 0 0 0.51 0.2736 0 0 0
0, 0 0 0.51 0.2736 0 1 0
0, 0 0 0.51 0.2736 0 0 0
1, 0 0 0.51 0.2736 0 1 0
0, 0 0 0.51 0.2736 0 0 0
0, 0 0 0.51 0.2736 0 0 0
0, 0 0 0.51 0.2736 0 0 0
0, 0 0 0.51 0.2736 0 0 1
0, 0 0 0.51 0.2736 0 0 1
0, 0 0 0.51 0.2736 1 0 0
0, 0 0 0.51 0.2736 0 0 1
0, 0 0 0.51 0.2736 0 0 0
0, 0 0 0.51 0.2736 0 0 0
0, 0 0 0.51 0.2736 1 0 0
0, 0 0 0.51 0.2736 0 0 0
0, 0 0 0.51 0.2736 0 0 0
0, 0 0 0.56 0.2559 0 0 0
0, 0 0 0.56 0.2559 0 0 0
1, 0 0 0.56 0.2559 0 0 0
1, 0 0 0.56 0.2559 0 0 0
0, 0 0 0.56 0.2559 0 0 1
0, 0 0 0.56 0.2559 0 0 1
0, 0 0 0.56 0.2559 0 0 0
0, 0 0 0.56 0.2559 0 0 0
0, 0 0 0.56 0.2559 0 0 0
0, 0 0 0.56 0.2559 0 1 0
0, 0 0 0.56 0.2559 0 0 0
0, 0 0 0.56 0.2559 0 0 0
0, 0 0 0.56 0.2559 0 0 0
0, 0 0 0.56 0.2559 0 0 1
0, 0 0 0.56 0.2559 0 0 0
0, 0 0 0.56 0.2559 0 0 0
0, 0 0 0.56 0.2559 1 1 0
0, 0 0 0.56 0.2559 0 0 0
0, 0 0 0.56 0.2559 0 0 1
0, 0 0 0.56 0.2559 0 0 0
0, 0 0 0.56 0.2559 0 0 0
0, 0 0 0.56 0.2559 0 0 0
0, 0 0 0.56 0.2559 1 0 0
0, 0 0 0.56 0.2559 0 0 1
0, 0 0 0.56 0.2559 0 1 1
0, 0 0 0.56 0.2559 1 0 0
0, 0 0 0.56 0.2559 0 1 0
0, 0 0 0.56 0.2559 0 0 0
0, 0 0 0.56 0.2559 1 0 0
0, 0 0 0.56 0.2559 0 0 1
0, 0 0 0.56 0.2559 0 0 0
0, 0 0 0.56 0.2559 0 0 1
0, 0 0 0.56 0.2559 0 1 0
0, 0 0 0.56 0.2559 0 0 0
0, 0 0 0.56 0.2559 0 0 0
0, 0 0 0.56 0.2559 0 0 0
0, 0 0 0.59 0.2604 0 0 1
0, 0 0 0.59 0.2604 0 0 1
0, 0 0 0.59 0.2604 0 0 1
0, 0 0 0.59 0.2604 1 1 1
0, 0 0 0.59 0.2604 0 0 0
0, 0 0 0.59 0.2604 0 0 0
1, 0 0 0.47 0.2613 1 1 1
0, 0 0 0.47 0.2613 0 0 0
0, 0 0 0.47 0.2613 0 0 0
0, 0 0 0.47 0.2613 0 0 0
0, 0 0 0.47 0.2613 0 0 0
0, 0 0 0.47 0.2613 0 0 0
0, 0 0 0.47 0.2613 0 0 0
0, 0 0 0.47 0.2613 1 0 0
0, 0 0 0.47 0.2613 0 0 0
0, 0 0 0.47 0.2613 0 0 0
0, 0 0 0.47 0.2613 0 0 1
0, 0 0 0.47 0.2613 0 0 0
0, 0 0 0.47 0.2613 0 0 0
1, 0 0 0.47 0.2613 1 0 1
1, 0 0 0.47 0.2613 1 1 0
0, 0 0 0.54 0.2611 0 0 0
0, 0 0 0.54 0.2611 0 0 0
0, 0 0 0.54 0.2611 1 1 0
0, 0 0 0.54 0.2611 0 0 1
0, 0 0 0.54 0.2611 0 0 0
0, 0 0 0.54 0.2611 0 1 0
0, 0 0 0.54 0.2611 0 0 0
0, 0 0 0.54 0.2611 0 0 0
0, 0 0 0.54 0.2611 0 1 0
0, 0 0 0.54 0.2611 0 0 0
0, 0 0 0.54 0.2611 0 0 0
0, 0 0 0.54 0.2611 0 0 0
0, 0 0 0.54 0.2611 0 0 0
0, 0 0 0.54 0.2611 1 0 0
0, 0 0 0.54 0.2611 0 0 0
0, 0 0 0.54 0.2611 1 0 0
0, 0 0 0.54 0.2611 0 0 0
0, 0 0 0.54 0.2611 0 0 1
0, 0 0 0.54 0.2611 0 0 0
0, 0 0 0.54 0.2611 1 0 0
0, 0 0 0.54 0.2611 0 0 0
0, 0 0 0.54 0.2611 0 0 0
0, 0 0 0.54 0.2611 0 0 0
0, 0 0 0.54 0.2611 1 0 1
0, 0 0 0.54 0.2611 0 0 0
0, 0 0 0.54 0.2611 0 0 0
0, 0 0 0.54 0.2611 0 1 0
0, 0 0 0.54 0.2611 0 1 0
0, 0 0 0.54 0.2611 1 0 0
0, 0 0 0.54 0.2611 1 0 1
0, 0 0 0.54 0.2611 0 0 0
0, 0 0 0.54 0.2611 0 0 1
0, 0 0 0.54 0.2611 0 0 1
0, 0 0 0.54 0.2611 0 0 0
0, 0 0 0.54 0.2611 0 0 0
0, 0 0 0.54 0.2611 0 0 0
0, 0 0 0.54 0.2611 0 1 0
0, 0 0 0.54 0.2611 0 0 0
1, 0 0 0.5 0.2598 1 1 1
0, 0 0 0.5 0.2598 0 0 0
1, 0 0 0.5 0.2598 1 1 1
0, 0 0 0.5 0.2598 0 0 0
0, 0 0 0.5 0.2598 0 0 1
0, 0 0 0.5 0.2598 0 0 0
0, 0 0 0.5 0.2598 0 0 0
0, 0 0 0.5 0.2598 0 0 0
0, 0 0 0.5 0.2598 0 0 1
0, 0 0 0.5 0.2598 0 0 1
0, 0 0 0.5 0.2598 1 0 0
0, 0 0 0.5 0.2598 0 0 0
0, 0 0 0.5 0.2598 1 0 0
0, 0 0 0.5 0.2598 0 0 0
0, 0 0 0.49 0.2676 0 0 0
0, 0 0 0.49 0.2676 1 0 1
0, 0 0 0.49 0.2676 0 0 0
0, 0 0 0.49 0.2676 0 0 0
0, 0 0 0.49 0.2676 0 0 0
0, 0 0 0.49 0.2676 1 0 0
0, 0 0 0.49 0.2676 0 0 1
0, 0 0 0.49 0.2676 0 0 1
0, 0 0 0.49 0.2676 0 0 0
0, 0 0 0.49 0.2676 0 0 0
0, 0 0 0.49 0.2676 0 0 0
0, 0 0 0.49 0.2676 0 1 0
0, 0 0 0.49 0.2676 0 0 1
0, 0 0 0.49 0.2676 0 0 0
0, 0 0 0.49 0.2676 0 0 1
0, 0 0 0.49 0.2676 0 0 0
0, 0 0 0.49 0.2676 0 0 0
0, 0 0 0.49 0.2676 0 0 0
0, 0 0 0.49 0.2676 1 0 1
0, 0 0 0.49 0.2676 1 1 1
0, 0 0 0.49 0.2676 0 0 0
0, 0 0 0.49 0.2676 0 0 0
0, 0 0 0.49 0.2676 0 1 1
0, 0 0 0.49 0.2676 0 1 1
0, 0 0 0.49 0.2676 1 0 0
0, 0 0 0.49 0.2676 0 0 0
0, 0 0 0.49 0.2676 0 0 0
0, 0 0 0.49 0.2676 0 0 1
0, 0 0 0.49 0.2676 0 1 0
0, 0 0 0.49 0.2676 0 1 0
0, 0 0 0.49 0.2676 0 0 0
0, 0 0 0.49 0.2676 0 1 0
0, 0 0 0.49 0.2676 0 0 1
0, 0 0 0.49 0.2676 1 0 0
0, 0 0 0.49 0.2676 0 0 1
0, 0 0 0.49 0.2676 0 0 0
0, 0 0 0.49 0.2676 0 0 0
0, 0 0 0.49 0.2676 0 0 1
0, 0 0 0.49 0.2676 0 0 0
0, 0 0 0.49 0.2676 0 0 0
0, 0 0 0.49 0.2676 0 0 0
0, 0 0 0.49 0.2676 1 0 0
0, 0 0 0.49 0.2676 0 0 0
0, 0 0 0.49 0.2676 0 0 1
0, 0 0 0.49 0.2676 1 0 0
0, 0 0 0.49 0.2676 0 0 0
0, 0 0 0.49 0.2676 0 0 0
1, 0 0 0.49 0.2676 1 1 0
1, 0 0 0.49 0.2676 1 0 0
1, 0 0 0.49 0.2676 0 1 0
1, 0 0 0.49 0.2676 1 0 0
1, 0 0 0.49 0.2676 1 0 1
0, 0 0 0.5 0.2727 0 0 1
0, 0 0 0.5 0.2727 0 0 0
0, 0 0 0.5 0.2727 0 0 0
1, 0 0 0.5 0.2727 0 1 1
0, 0 0 0.5 0.2727 0 0 1
0, 0 0 0.5 0.2727 0 0 0
0, 0 0 0.5 0.2727 0 0 1
0, 0 0 0.5 0.2727 0 0 0
0, 0 0 0.45 0.269 0 0 1
0, 0 0 0.45 0.269 0 1 1
0, 0 0 0.45 0.269 0 0 0
0, 0 0 0.45 0.269 0 0 0
0, 0 0 0.45 0.269 0 0 1
0, 0 0 0.45 0.269 0 0 0
0, 0 0 0.45 0.269 0 0 1
0, 0 0 0.45 0.269 0 1 1
0, 0 0 0.45 0.269 0 0 0
1, 0 0 0.45 0.269 1 1 0
0, 0 0 0.45 0.269 1 1 1
0, 0 0 0.45 0.269 0 0 0
0, 0 0 0.45 0.269 0 0 1
0, 0 0 0.45 0.269 0 0 0
0, 0 0 0.57 0.2741 0 0 0
1, 0 0 0.57 0.2741 1 1 1
0, 0 0 0.57 0.2741 0 0 0
0, 0 0 0.57 0.2741 0 0 1
0, 0 0 0.57 0.2741 0 0 0
0, 0 0 0.57 0.2741 0 0 0
0, 0 0 0.57 0.2741 1 0 1
0, 0 0 0.57 0.2741 1 0 1
0, 0 0 0.57 0.2741 0 0 0
0, 0 0 0.57 0.2741 0 1 1
0, 0 0 0.57 0.2741 1 0 1
0, 0 0 0.57 0.2741 0 0 0
0, 0 0 0.57 0.2741 0 0 0
0, 0 0 0.57 0.2741 0 0 1
0, 0 0 0.57 0.2741 1 0 0
0, 0 0 0.57 0.2741 0 0 1
0, 0 0 0.57 0.2741 0 0 0
0, 0 0 0.57 0.2741 0 0 0
0, 0 0 0.57 0.2741 0 0 0
0, 0 0 0.57 0.2741 1 0 0
0, 0 0 0.57 0.2741 0 0 0
0, 0 0 0.57 0.2741 0 0 0
0, 0 0 0.57 0.2741 0 0 0
0, 0 0 0.57 0.2741 0 0 0
0, 0 0 0.57 0.2741 0 0 0
0, 0 0 0.57 0.2741 1 0 1
0, 0 0 0.57 0.2741 1 0 0
0, 0 0 0.57 0.2741 0 0 1
0, 0 0 0.57 0.2741 1 0 0
0, 0 0 0.57 0.2741 1 0 1
0, 0 0 0.57 0.2741 0 0 0
0, 0 0 0.57 0.2741 0 0 1
0, 0 0 0.57 0.2741 0 0 0
0, 0 0 0.57 0.2741 1 0 0
0, 0 0 0.57 0.2741 0 0 0
0, 0 0 0.57 0.2741 1 0 1
0, 0 0 0.57 0.2741 1 0 1
0, 0 0 0.57 0.2741 0 1 0
0, 0 0 0.45 0.2555 0 0 0
0, 0 0 0.45 0.2555 1 0 0
0, 0 0 0.45 0.2555 0 0 1
0, 0 0 0.45 0.2555 0 1 0
0, 0 0 0.45 0.2555 0 0 1
0, 0 0 0.45 0.2555 1 0 0
1, 0 0 0.45 0.2555 0 0 0
1, 0 0 0.45 0.2555 1 1 1
0, 0 0 0.45 0.2555 1 1 0
0, 0 0 0.45 0.2555 0 0 0
1, 0 0 0.45 0.2555 0 0 1
0, 0 0 0.45 0.2555 1 0 0
0, 0 0 0.45 0.2555 1 0 1
0, 0 0 0.45 0.2555 0 0 1
0, 0 0 0.45 0.2555 1 1 0
0, 0 0 0.45 0.2555 1 0 0
0, 0 0 0.45 0.2555 0 0 1
0, 0 0 0.45 0.2555 1 0 0
0, 0 0 0.45 0.2555 0 0 0
0, 0 0 0.45 0.2555 0 0 0
0, 0 0 0.52 0.2575 0 0 0
0, 0 0 0.52 0.2575 1 0 0
0, 0 0 0.52 0.2575 0 1 0
0, 0 0 0.52 0.2575 0 0 0
0, 0 0 0.52 0.2575 0 1 1
0, 0 0 0.52 0.2575 0 0 0
0, 0 0 0.52 0.2575 0 0 0
0, 0 0 0.52 0.2575 0 0 0
0, 0 0 0.52 0.2575 0 1 0
0, 0 0 0.52 0.2575 0 0 0
0, 0 0 0.52 0.2575 0 0 0
0, 0 0 0.52 0.2575 0 0 0
0, 0 0 0.52 0.2575 0 0 0
0, 0 0 0.52 0.2575 0 0 1
0, 0 0 0.52 0.2575 0 0 0
0, 0 0 0.52 0.2575 0 0 0
0, 0 0 0.52 0.2575 0 0 1
0, 0 0 0.52 0.2575 0 0 1
0, 0 0 0.52 0.2575 1 0 1
0, 0 0 0.52 0.2575 0 0 0
0, 0 0 0.52 0.2575 1 0 0
0, 0 0 0.52 0.2575 0 0 1
0, 0 0 0.52 0.2575 0 0 0
0, 0 0 0.52 0.2575 0 0 0
0, 0 0 0.52 0.2575 0 0 0
0, 0 0 0.52 0.2575 0 1 0
0, 0 0 0.52 0.2575 1 0 0
0, 0 0 0.52 0.2575 0 0 0
0, 0 0 0.52 0.2575 0 0 0
0, 0 0 0.52 0.2575 0 0 1
0, 0 0 0.52 0.2575 1 1 1
0, 0 0 0.52 0.2575 0 0 0
0, 0 0 0.52 0.2575 0 0 1
0, 0 0 0.52 0.2575 1 0 0
1, 0 0 0.52 0.2575 0 1 1
1, 0 0 0.52 0.2575 1 0 0
1, 0 0 0.52 0.2575 1 0 0
0, 0 0 0.59 0.2564 1 0 1
0, 0 0 0.59 0.2564 0 1 0
0, 0 0 0.59 0.2564 0 0 1
0, 0 0 0.59 0.2564 0 0 0
0, 0 0 0.59 0.2564 0 1 1
0, 0 0 0.52 0.2742 0 1 0
1, 0 0 0.52 0.2742 0 1 1
0, 0 0 0.52 0.2742 0 1 1
1, 0 0 0.52 0.2742 1 0 0
0, 0 0 0.52 0.2742 1 0 1
0, 0 0 0.52 0.2742 1 0 0
0, 0 0 0.52 0.2742 0 0 0
0, 0 0 0.52 0.2742 0 0 0
0, 0 0 0.52 0.2742 0 0 0
0, 0 0 0.52 0.2742 0 0 0
0, 0 0 0.52 0.2742 0 0 0
0, 0 0 0.52 0.2742 0 0 0
0, 0 0 0.52 0.2742 0 0 0
0, 0 0 0.52 0.2742 0 0 0
0, 0 0 0.59 0.2622 0 0 1
0, 0 0 0.59 0.2622 0 0 1
0, 0 0 0.59 0.2622 0 0 1
1, 0 0 0.59 0.2622 1 1 0
1, 0 0 0.59 0.2622 1 1 0
0, 0 0 0.59 0.2622 0 0 1
0, 0 0 0.59 0.2622 0 0 1
0, 0 0 0.59 0.2622 0 0 1
0, 0 0 0.59 0.2622 0 0 1
0, 0 0 0.59 0.2622 0 0 0
0, 0 0 0.59 0.2622 0 0 0
0, 0 0 0.59 0.2622 0 0 0
0, 0 0 0.59 0.2622 0 0 0
0, 0 0 0.59 0.2622 0 0 1
0, 0 0 0.59 0.2622 0 0 0
0, 0 0 0.59 0.2622 0 0 1
0, 0 0 0.59 0.2622 0 0 1
0, 0 0 0.59 0.2622 0 0 0
0, 0 0 0.59 0.2622 0 0 1
0, 0 0 0.59 0.2622 0 0 1
0, 0 0 0.59 0.2622 0 0 0
0, 0 0 0.59 0.2622 0 0 0
0, 0 0 0.59 0.2622 0 1 0
0, 0 0 0.59 0.2622 0 1 1
0, 0 0 0.59 0.2622 0 0 1
0, 0 0 0.59 0.2622 0 0 0
0, 0 0 0.59 0.2622 0 0 0
0, 0 0 0.59 0.2622 0 0 0
0, 0 0 0.59 0.2622 0 0 0
0, 0 0 0.46 0.2517 1 0 1
0, 0 0 0.46 0.2517 0 0 0
0, 0 0 0.46 0.2517 0 0 0
1, 0 0 0.46 0.2517 1 1 1
0, 0 0 0.46 0.2517 0 0 0
0, 0 0 0.46 0.2517 0 0 0
0, 0 0 0.46 0.2517 1 1 1
0, 0 0 0.46 0.2517 0 0 0
0, 0 0 0.46 0.2517 0 0 1
0, 0 0 0.46 0.2517 0 0 1
0, 0 0 0.46 0.2517 0 0 0
0, 0 0 0.46 0.2517 0 0 0
0, 0 0 0.46 0.2517 0 0 0
0, 0 0 0.46 0.2517 0 1 0
1, 0 0 0.6 0.2771 0 1 0
0, 0 0 0.6 0.2771 1 0 0
0, 0 0 0.6 0.2771 1 0 0
0, 0 0 0.6 0.2771 1 0 1
0, 0 0 0.6 0.2771 0 0 1
0, 0 0 0.6 0.2771 0 1 0
0, 0 0 0.6 0.2771 0 0 0
0, 0 0 0.6 0.2771 0 0 1
0, 0 0 0.6 0.2771 1 0 0
0, 0 0 0.6 0.2771 0 1 1
0, 0 0 0.6 0.2771 0 0 0
0, 0 0 0.6 0.2771 0 1 0
0, 0 0 0.6 0.2771 0 0 1
0, 0 0 0.6 0.2771 1 1 0
0, 0 0 0.6 0.2771 0 0 0
0, 0 0 0.6 0.2771 0 0 0
0, 0 0 0.6 0.2771 0 0 0
0, 0 0 0.6 0.2771 0 0 0
0, 0 0 0.6 0.2771 0 0 0
0, 0 0 0.6 0.2771 1 0 1
0, 0 0 0.6 0.2771 0 0 0
0, 0 0 0.6 0.2771 0 0 0
0, 0 0 0.6 0.2771 0 0 0
0, 0 0 0.6 0.2771 0 0 0
0, 0 0 0.6 0.2771 0 1 1
0, 0 0 0.6 0.2771 0 0 0
0, 0 0 0.6 0.2771 0 1 0
0, 0 0 0.6 0.2771 0 0 0
0, 0 0 0.6 0.2771 0 0 0
0, 0 0 0.6 0.2771 0 0 0
0, 0 0 0.6 0.2771 0 0 1
0, 0 0 0.6 0.2771 0 0 0
0, 0 0 0.6 0.2771 0 0 1
0, 0 0 0.6 0.2771 1 0 0
0, 0 0 0.6 0.2771 0 0 0
0, 0 0 0.6 0.2771 0 0 0
0, 0 0 0.6 0.2771 0 0 0
0, 0 0 0.6 0.2771 0 0 0
0, 0 0 0.6 0.2771 0 1 1
0, 0 0 0.6 0.2771 0 0 0
0, 0 0 0.6 0.2771 0 0 1
0, 0 0 0.6 0.2771 0 0 0
0, 0 0 0.6 0.2771 1 1 0
0, 0 0 0.6 0.2771 0 0 0
0, 0 0 0.6 0.2771 0 0 0
0, 0 0 0.6 0.2771 0 0 0
0, 0 0 0.6 0.2771 0 0 1
1, 0 0 0.6 0.2771 0 1 0
1, 0 0 0.6 0.2771 0 0 0
1, 0 0 0.6 0.2771 0 1 0
1, 0 0 0.6 0.2771 1 1 0
0, 0 0 0.52 0.2572 0 0 0
0, 0 0 0.52 0.2572 1 0 1
0, 0 0 0.55 0.2532 0 0 0
0, 0 0 0.55 0.2532 0 0 0
1, 0 0 0.55 0.2532 1 1 0
0, 0 0 0.55 0.2532 1 0 0
0, 0 0 0.55 0.2532 0 0 0
0, 0 0 0.55 0.2532 0 0 0
0, 0 0 0.55 0.2532 0 0 0
0, 0 0 0.55 0.2532 0 0 1
0, 0 0 0.55 0.2532 0 1 0
0, 0 0 0.55 0.2532 0 0 0
0, 0 0 0.55 0.2532 0 0 0
0, 0 0 0.55 0.2532 0 0 0
0, 0 0 0.55 0.2532 0 1 0
0, 0 0 0.55 0.2532 0 0 1
1, 0 0 0.55 0.2532 1 1 0
1, 0 0 0.55 0.2532 1 1 1
0, 0 0 0.55 0.2532 0 0 0
0, 0 0 0.55 0.2708 0 0 1
0, 0 0 0.55 0.2708 1 0 0
0, 0 0 0.55 0.2708 0 0 0
0, 0 0 0.55 0.2708 0 0 0
0, 0 0 0.55 0.2708 0 0 0
0, 0 0 0.55 0.2708 0 0 0
0, 0 0 0.55 0.2708 0 1 1
0, 0 0 0.55 0.2708 1 0 0
0, 0 0 0.55 0.2708 1 0 1
0, 0 0 0.55 0.2708 0 0 1
0, 0 0 0.55 0.2708 1 0 1
0, 0 0 0.55 0.2708 0 0 1
0, 0 0 0.55 0.2708 0 0 0
0, 0 0 0.55 0.2708 0 0 0
0, 0 0 0.55 0.2708 0 0 0
0, 0 0 0.55 0.2708 1 0 0
0, 0 0 0.55 0.2708 0 0 0
0, 0 0 0.55 0.2708 1 0 1
0, 0 0 0.55 0.2708 0 0 0
0, 0 0 0.55 0.2708 0 0 0
0, 0 0 0.55 0.2708 0 0 0
0, 0 0 0.55 0.2708 0 0 0
0, 0 0 0.55 0.2708 0 0 0
0, 0 0 0.55 0.2708 0 0 0
0, 0 0 0.55 0.2708 0 1 0
0, 0 0 0.55 0.2708 0 0 1
0, 0 0 0.55 0.2708 0 0 0
0, 0 0 0.55 0.2708 0 0 1
0, 0 0 0.55 0.2708 0 0 1
0, 0 0 0.55 0.2708 0 1 0
0, 0 0 0.55 0.2708 0 0 0
1, 0 0 0.55 0.2708 0 0 1
1, 0 0 0.55 0.2708 0 0 0
1, 0 0 0.55 0.2708 0 1 1
1, 0 0 0.55 0.2708 1 0 0
1, 0 0 0.55 0.2708 1 0 1
1, 0 0 0.55 0.2708 1 1 1
0, 0 0 0.48 0.2517 1 0 0
0, 0 0 0.48 0.2517 0 0 1
0, 0 0 0.48 0.2517 0 0 1
0, 0 0 0.48 0.2517 0 0 1
0, 0 0 0.48 0.2517 0 0 1
0, 0 0 0.6 0.2715 0 0 1
0, 0 0 0.6 0.2715 0 0 0
1, 0 0 0.6 0.2715 1 1 0
0, 0 0 0.6 0.2715 1 0 1
0, 0 0 0.6 0.2715 0 0 1
0, 0 0 0.6 0.2715 0 0 0
0, 0 0 0.6 0.2715 0 0 0
0, 0 0 0.6 0.2715 0 0 0
0, 0 0 0.6 0.2715 0 0 0
1, 0 0 0.6 0.2715 1 0 1
1, 0 0 0.6 0.2715 0 1 1
0, 0 0 0.6 0.2715 0 1 0
0, 0 0 0.6 0.2715 0 0 0
0, 0 0 0.6 0.2715 0 0 1
0, 0 0 0.53 0.2514 0 0 1
0, 0 0 0.53 0.2514 0 0 0
0, 0 0 0.53 0.2514 0 0 0
0, 0 0 0.53 0.2514 0 0 0
0, 0 0 0.53 0.2514 0 0 0
0, 0 0 0.53 0.2514 0 0 1
0, 0 0 0.53 0.2514 0 0 0
0, 0 0 0.53 0.2514 0 0 0
0, 0 0 0.53 0.2514 0 1 1
0, 0 0 0.53 0.2514 0 0 0
0, 0 0 0.53 0.2514 0 0 0
1, 0 0 0.53 0.2514 1 1 0
0, 0 0 0.53 0.2514 0 1 0
0, 0 0 0.53 0.2514 0 0 0
0, 0 0 0.53 0.2514 0 1 1
0, 0 0 0.53 0.2514 1 0 0
0, 0 0 0.53 0.2514 0 0 1
0, 0 0 0.53 0.2514 0 0 0
0, 0 0 0.53 0.2514 0 0 1
0, 0 0 0.53 0.2514 0 0 1
0, 0 0 0.53 0.2514 0 0 1
0, 0 0 0.53 0.2514 0 0 0
0, 0 0 0.53 0.2514 0 0 0
0, 0 0 0.53 0.2514 0 0 0
0, 0 0 0.53 0.2514 0 0 0
0, 0 0 0.53 0.2514 0 0 0
0, 0 0 0.53 0.2514 0 0 0
0, 0 0 0.53 0.2514 0 0 0
0, 0 0 0.53 0.2514 0 0 1
0, 0 0 0.53 0.2514 1 0 0
0, 0 0 0.53 0.2514 0 0 1
0, 0 0 0.53 0.2514 0 0 0
0, 0 0 0.53 0.2514 0 0 0
0, 0 0 0.53 0.2514 0 1 0
0, 0 0 0.53 0.2514 0 0 0
0, 0 0 0.53 0.2514 0 0 0
0, 0 0 0.53 0.2514 0 0 0
1, 0 0 0.6 0.2709 1 0 1
0, 0 0 0.6 0.2709 0 0 0
0, 0 0 0.6 0.2709 0 0 0
0, 0 0 0.6 0.2709 0 1 0
0, 0 0 0.6 0.2709 0 1 1
0, 0 0 0.6 0.2709 0 0 1
0, 0 0 0.6 0.2709 0 0 0
0, 0 0 0.6 0.2709 0 0 0
0, 0 0 0.6 0.2709 1 0 1
0, 0 0 0.6 0.2709 0 0 0
0, 0 0 0.6 0.2709 0 1 0
0, 0 0 0.6 0.2709 0 0 1
0, 0 0 0.6 0.2709 0 0 0
1, 0 0 0.56 0.2749 0 1 0
1, 0 0 0.56 0.2749 0 1 0
1, 0 0 0.56 0.2749 1 1 0
1, 0 0 0.56 0.2749 1 1 0
1, 0 0 0.56 0.2749 1 0 0
0, 0 0 0.56 0.2749 0 0 0
0, 0 0 0.56 0.2749 1 1 0
0, 0 0 0.56 0.2749 0 0 0
0, 0 0 0.56 0.2749 0 0 0
0, 0 0 0.56 0.2749 0 1 0
0, 0 0 0.56 0.2749 0 0 0
0, 0 0 0.56 0.2749 0 0 0
0, 0 0 0.56 0.2749 0 1 0
0, 0 0 0.56 0.2749 0 1 1
0, 0 0 0.56 0.2749 0 0 0
0, 0 0 0.56 0.2749 0 1 1
0, 0 0 0.56 0.2749 1 0 1
0, 0 0 0.56 0.2749 1 0 0
0, 0 0 0.56 0.2749 0 0 0
0, 0 0 0.56 0.2749 0 0 0
0, 0 0 0.56 0.2749 0 0 0
0, 0 0 0.56 0.2749 0 1 0
0, 0 0 0.56 0.2749 0 0 0
0, 0 0 0.56 0.2749 0 0 0
0, 0 0 0.56 0.2749 1 0 1
0, 0 0 0.56 0.2749 0 0 0
0, 0 0 0.56 0.2749 1 1 1
0, 0 0 0.56 0.2749 0 0 0
0, 0 0 0.56 0.2749 0 0 1
0, 0 0 0.56 0.2749 0 0 1
0, 0 0 0.56 0.2749 0 0 0
0, 0 0 0.56 0.2749 0 0 0
0, 0 0 0.56 0.2749 0 0 0
0, 0 0 0.56 0.2749 0 0 1
0, 0 0 0.56 0.2749 0 0 0
0, 0 0 0.56 0.2749 0 0 0
0, 0 0 0.56 0.2749 0 0 1
0, 0 0 0.56 0.2749 0 0 1
0, 0 0 0.56 0.2749 0 0 1
0, 0 0 0.56 0.2749 0 0 1
0, 0 0 0.56 0.2749 0 0 0
0, 0 0 0.56 0.2749 0 1 0
0, 0 0 0.56 0.2749 0 0 0
0, 0 0 0.56 0.2749 0 0 0
0, 0 0 0.57 0.2751 0 0 0
0, 0 0 0.57 0.2751 0 0 0
0, 0 0 0.57 0.2751 0 0 0
0, 0 0 0.57 0.2751 0 0 0
0, 0 0 0.57 0.2751 0 0 0
0, 0 0 0.57 0.2751 0 0 0
0, 0 0 0.57 0.2751 0 0 1
0, 0 0 0.57 0.2751 0 0 0
0, 0 0 0.57 0.2751 1 0 0
0, 0 0 0.57 0.2751 0 0 0
0, 0 0 0.57 0.2751 0 1 0
0, 0 0 0.53 0.265 0 0 0
0, 0 0 0.53 0.265 0 0 0
0, 0 0 0.53 0.265 0 0 0
0, 0 0 0.53 0.265 0 0 1
1, 0 0 0.53 0.265 1 1 1
0, 0 0 0.53 0.265 0 0 1
0, 0 0 0.53 0.265 0 0 0
0, 0 0 0.53 0.265 1 0 1
0, 0 0 0.53 0.265 0 0 1
0, 0 0 0.53 0.265 0 0 0
0, 0 0 0.53 0.265 0 0 1
0, 0 0 0.53 0.265 0 0 0
0, 0 0 0.51 0.2664 0 0 0
0, 0 0 0.51 0.2664 0 0 0
0, 0 0 0.51 0.2664 0 0 1
0, 0 0 0.51 0.2664 0 0 1
0, 0 0 0.51 0.2664 0 0 0
0, 0 0 0.51 0.2664 0 0 0
0, 0 0 0.51 0.2664 0 0 0
0, 0 0 0.51 0.2664 0 0 0
0, 0 0 0.51 0.2664 0 0 0
0, 0 0 0.51 0.2664 0 0 0
0, 0 0 0.51 0.2664 0 0 0
0, 0 0 0.51 0.2664 1 0 0
0, 0 0 0.51 0.2664 0 0 0
0, 0 0 0.51 0.2664 0 0 1
0, 0 0 0.51 0.2664 0 0 1
0, 0 0 0.51 0.2664 0 0 0
0, 0 0 0.51 0.2664 0 0 1
0, 0 0 0.51 0.2664 0 0 0
0, 0 0 0.51 0.2664 0 0 1
0, 0 0 0.51 0.2664 0 0 0
0, 0 0 0.51 0.2664 0 0 0
0, 0 0 0.51 0.2664 0 0 0
0, 0 0 0.51 0.2664 1 0 0
0, 0 0 0.51 0.2664 0 0 0
0, 0 0 0.51 0.2664 0 0 0
0, 0 0 0.51 0.2664 0 1 0
0, 0 0 0.51 0.2664 0 1 0
0, 0 0 0.51 0.2664 0 0 1
0, 0 0 0.51 0.2664 0 0 1
0, 0 0 0.51 0.2664 1 0 0
0, 0 0 0.51 0.2664 0 1 1
0, 0 0 0.51 0.2664 0 0 0
0, 0 0 0.51 0.2664 0 0 0
1, 0 0 0.51 0.2664 0 1 0
1, 0 0 0.51 0.2664 1 0 1
1, 0 0 0.51 0.2664 0 0 0
0, 0 0 0.58 0.2758 0 1 0
0, 0 0 0.58 0.2758 0 0 0
0, 0 0 0.58 0.2758 0 0 1
0, 0 0 0.58 0.2758 0 1 0
0, 0 0 0.58 0.2758 0 1 1
0, 0 0 0.58 0.2758 1 1 1
0, 0 0 0.58 0.2758 0 0 1
0, 0 0 0.58 0.2758 0 0 0
0, 0 0 0.58 0.2758 0 0 0
0, 0 0 0.58 0.2758 1 0 0
0, 0 0 0.58 0.2758 1 0 0
0, 0 0 0.58 0.2758 0 0 0
0, 0 0 0.58 0.2758 0 1 0
0, 0 0 0.58 0.2758 0 0 0
0, 0 0 0.58 0.2758 0 0 0
1, 0 0 0.58 0.2758 1 1 0
1, 0 0 0.58 0.2758 1 0 0
1, 0 0 0.58 0.2758 0 1 0
0, 0 0 0.58 0.2758 0 1 0
0, 0 0 0.58 0.2758 0 0 0
0, 0 0 0.58 0.2758 0 0 0
0, 0 0 0.51 0.251 0 0 0
0, 0 0 0.51 0.251 0 1 0
1, 0 0 0.51 0.251 1 0 0
1, 0 0 0.51 0.251 1 0 1
0, 0 0 0.51 0.251 0 0 1
0, 0 0 0.51 0.251 0 1 1
0, 0 0 0.51 0.251 0 0 1
0, 0 0 0.51 0.251 0 1 0
0, 0 0 0.51 0.251 0 0 1
1, 0 0 0.51 0.251 1 1 0
0, 0 0 0.51 0.251 0 0 0
1, 0 0 0.51 0.251 1 1 1
0, 0 0 0.51 0.251 0 0 1
0, 0 0 0.51 0.251 1 0 0
0, 0 0 0.51 0.251 0 0 0
0, 0 0 0.51 0.251 0 0 0
0, 0 0 0.51 0.251 0 0 0
0, 0 0 0.51 0.251 0 0 0
0, 0 0 0.51 0.251 0 0 0
0, 0 0 0.51 0.251 0 0 0
0, 0 0 0.51 0.251 0 0 0
0, 0 0 0.51 0.251 1 0 1
0, 0 0 0.51 0.251 0 0 1
0, 0 0 0.51 0.251 0 0 1
0, 0 0 0.51 0.251 0 0 0
0, 0 0 0.51 0.251 0 0 1
0, 0 0 0.51 0.251 0 0 1
0, 0 0 0.51 0.251 0 0 0
0, 0 0 0.51 0.251 1 0 0
0, 0 0 0.51 0.251 0 0 0
0, 0 0 0.51 0.251 0 0 0
0, 0 0 0.51 0.251 0 0 1
0, 0 0 0.51 0.251 0 0 1
0, 0 0 0.51 0.251 0 0 1
0, 0 0 0.51 0.251 0 0 0
0, 0 0 0.51 0.251 0 0 0
0, 0 0 0.51 0.251 0 0 1
0, 0 0 0.51 0.251 0 1 0
0, 0 0 0.57 0.2505 0 0 1
0, 0 0 0.57 0.2505 0 0 1
0, 0 0 0.57 0.2505 1 0 0
0, 0 0 0.57 0.2505 0 0 0
0, 0 0 0.57 0.2505 0 0 1
0, 0 0 0.57 0.2505 0 0 0
0, 0 0 0.57 0.2505 0 0 0
0, 0 0 0.51 0.2689 0 0 1
1, 0 0 0.51 0.2689 1 1 1
0, 0 0 0.51 0.2689 0 0 0
0, 0 0 0.51 0.2689 0 0 0
0, 0 0 0.51 0.2689 0 0 1
0, 0 0 0.51 0.2689 1 0 0
0, 0 0 0.51 0.2689 0 1 0
0, 0 0 0.51 0.2689 0 0 1
0, 0 0 0.51 0.2689 0 1 1
0, 0 0 0.51 0.2689 0 0 0
0, 0 0 0.5 0.2613 0 0 0
0, 0 0 0.5 0.2613 0 0 0
0, 0 0 0.5 0.2613 0 1 0
0, 0 0 0.5 0.2613 0 0 0
0, 0 0 0.5 0.2613 0 0 0
0, 0 0 0.5 0.2613 0 0 0
0, 0 0 0.5 0.2613 0 0 1
0, 0 0 0.5 0.2613 0 0 0
0, 0 0 0.5 0.2613 0 0 0
0, 0 0 0.5 0.2613 0 1 0
0, 0 0 0.5 0.2613 0 1 1
0, 0 0 0.5 0.2613 0 0 0
0, 0 0 0.5 0.2613 0 0 0
0, 0 0 0.5 0.2613 1 0 0
0, 0 0 0.5 0.2613 0 0 1
0, 0 0 0.5 0.2613 0 0 0
0, 0 0 0.5 0.2613 0 0 1
0, 0 0 0.5 0.2613 0 0 0
0, 0 0 0.5 0.2613 0 0 0
0, 0 0 0.5 0.2613 0 1 1
0, 0 0 0.5 0.2613 0 0 1
0, 0 0 0.5 0.2613 0 0 0
0, 0 0 0.5 0.2613 0 0 0
0, 0 0 0.5 0.2613 0 0 0
0, 0 0 0.5 0.2613 0 0 0
0, 0 0 0.5 0.2613 0 0 0
0, 0 0 0.5 0.2613 0 0 1
0, 0 0 0.5 0.2613 0 0 0
0, 0 0 0.5 0.2613 0 0 1
0, 0 0 0.5 0.2613 0 0 0
0, 0 0 0.5 0.2613 0 1 0
0, 0 0 0.5 0.2613 0 1 0
0, 0 0 0.5 0.2613 0 0 1
0, 0 0 0.5 0.2613 0 0 0
1, 0 0 0.5 0.2613 1 0 1
1, 0 0 0.57 0.2599 1 1 0
0, 0 0 0.57 0.2599 0 0 0
0, 0 0 0.57 0.2599 0 0 0
0, 0 0 0.57 0.2599 0 0 0
0, 0 0 0.57 0.2599 0 0 0
0, 0 0 0.57 0.2599 1 0 0
0, 0 0 0.57 0.2599 1 0 0
0, 0 0 0.57 0.2599 0 0 1
0, 0 0 0.57 0.2599 1 0 0
0, 0 0 0.57 0.2599 0 0 1
0, 0 0 0.57 0.2599 0 1 0
0, 0 0 0.57 0.2599 0 1 0
0, 0 0 0.57 0.2599 0 0 1
0, 0 0 0.57 0.2599 0 0 0
0, 0 0 0.57 0.2599 0 0 0
0, 0 0 0.57 0.2599 0 0 0
0, 0 0 0.57 0.2599 0 0 0
0, 0 0 0.57 0.2599 0 1 0
1, 0 0 0.57 0.2599 1 1 0
0, 0 0 0.53 0.2783 0 1 0
1, 0 0 0.53 0.2783 1 0 0
1, 0 0 0.53 0.2783 0 1 0
1, 0 0 0.53 0.2783 1 1 1
1, 0 0 0.53 0.2783 1 0 0
1, 0 0 0.53 0.2783 1 0 0
0, 0 0 0.53 0.2783 0 0 1
0, 0 0 0.53 0.2783 0 0 0
0, 0 0 0.53 0.2783 1 0 0
0, 0 0 0.53 0.2783 0 1 0
0, 0 0 0.53 0.2783 0 0 1
0, 0 0 0.53 0.2783 0 0 0
0, 0 0 0.53 0.2783 0 0 0
0, 0 0 0.53 0.2783 0 0 0
0, 0 0 0.53 0.2783 0 0 0
0, 0 0 0.53 0.2783 0 0 0
0, 0 0 0.53 0.2783 1 0 0
0, 0 0 0.53 0.2783 1 0 0
0, 0 0 0.53 0.2783 0 0 1
0, 0 0 0.53 0.2783 0 0 0
0, 0 0 0.53 0.2783 0 0 1
0, 0 0 0.53 0.2783 0 0 0
0, 0 0 0.53 0.2783 0 0 0
0, 0 0 0.53 0.2783 0 0 1
0, 0 0 0.53 0.2783 0 0 1
0, 0 0 0.53 0.2783 0 0 0
0, 0 0 0.53 0.2783 0 0 1
0, 0 0 0.53 0.2783 0 0 1
0, 0 0 0.53 0.2783 0 0 0
0, 0 0 0.53 0.2783 0 0 0
0, 0 0 0.53 0.2783 0 0 0
0, 0 0 0.53 0.2783 0 0 0
0, 0 0 0.53 0.2783 0 0 1
0, 0 0 0.53 0.2783 0 0 0
0, 0 0 0.53 0.2783 0 0 0
0, 0 0 0.53 0.2783 0 0 0
0, 0 0 0.53 0.2783 0 0 0
0, 0 0 0.53 0.2783 0 0 0
0, 0 0 0.53 0.2783 0 0 0
0, 0 0 0.53 0.2783 0 0 0
0, 0 0 0.53 0.2783 0 0 0
0, 0 0 0.53 0.2783 0 0 0
0, 0 0 0.53 0.2783 0 0 0
0, 0 0 0.53 0.2783 0 0 1
0, 0 0 0.53 0.2783 1 0 0
0, 0 0 0.53 0.2783 0 0 1
0, 0 0 0.49 0.2538 0 0 0
0, 0 0 0.49 0.2538 0 0 1
0, 0 0 0.49 0.2538 0 0 0
0, 0 0 0.49 0.2538 0 0 0
0, 0 0 0.49 0.2538 0 0 0
0, 0 0 0.49 0.2538 0 0 0
0, 0 0 0.49 0.2538 1 0 0
0, 0 0 0.49 0.2621 0 0 0
0, 0 0 0.49 0.2621 0 0 0
1, 0 0 0.49 0.2621 1 1 0
1, 0 0 0.49 0.2621 1 0 0
0, 0 0 0.49 0.2621 0 0 1
1, 0 0 0.49 0.2621 1 0 0
0, 0 0 0.49 0.2621 0 1 0
0, 0 0 0.49 0.2621 0 0 0
0, 0 0 0.49 0.2621 0 0 0
0, 0 0 0.49 0.2621 1 1 1
0, 0 0 0.51 0.2676 0 0 0
0, 0 0 0.51 0.2676 0 0 0
0, 0 0 0.51 0.2676 0 0 0
0, 0 0 0.51 0.2676 0 0 0
0, 0 0 0.51 0.2676 0 0 0
0, 0 0 0.51 0.2676 0 0 0
0, 0 0 0.51 0.2676 0 0 0
0, 0 0 0.51 0.2676 0 0 0
0, 0 0 0.51 0.2676 0 0 0
0, 0 0 0.51 0.2676 0 1 0
0, 0 0 0.51 0.2676 0 0 0
0, 0 0 0.51 0.2676 1 0 0
0, 0 0 0.51 0.2676 0 0 0
0, 0 0 0.51 0.2676 0 0 0
0, 0 0 0.51 0.2676 0 0 0
0, 0 0 0.51 0.2676 0 0 1
0, 0 0 0.51 0.2676 0 0 0
0, 0 0 0.51 0.2676 0 0 0
0, 0 0 0.51 0.2676 0 0 0
0, 0 0 0.51 0.2676 0 0 0
0, 0 0 0.51 0.2676 0 0 0
0, 0 0 0.51 0.2676 0 0 1
0, 0 0 0.51 0.2676 0 1 0
0, 0 0 0.51 0.2676 0 0 0
0, 0 0 0.51 0.2676 0 0 1
0, 0 0 0.51 0.2676 0 0 0
0, 0 0 0.51 0.2676 0 0 1
0, 0 0 0.51 0.2676 0 0 0
0, 0 0 0.51 0.2676 0 1 0
0, 0 0 0.51 0.2676 0 0 0
0, 0 0 0.51 0.2676 0 0 0
0, 0 0 0.51 0.2676 1 0 0
1, 0 0 0.51 0.2676 1 0 0
1, 0 0 0.51 0.2676 1 0 0
0, 0 0 0.45 0.2573 1 0 0
0, 0 0 0.45 0.2573 1 0 0
0, 0 0 0.45 0.2573 1 1 0
0, 0 0 0.45 0.2573 0 0 0
0, 0 0 0.45 0.2573 0 0 0
0, 0 0 0.45 0.2573 0 0 1
0, 0 0 0.45 0.2573 0 0 0
0, 0 0 0.45 0.2573 0 0 0
0, 0 0 0.45 0.2573 1 0 0
1, 0 0 0.45 0.2573 1 1 0
0, 0 0 0.45 0.2573 0 0 1
0, 0 0 0.45 0.2573 1 0 0
0, 0 0 0.55 0.2727 0 0 0
1, 0 0 0.55 0.2727 0 1 1
1, 0 0 0.55 0.2727 0 0 0
1, 0 0 0.55 0.2727 1 1 0
1, 0 0 0.55 0.2727 1 1 0
1, 0 0 0.55 0.2727 0 1 0
0, 0 0 0.55 0.2727 0 1 0
0, 0 0 0.55 0.2727 0 0 0
0, 0 0 0.55 0.2727 0 0 0
0, 0 0 0.55 0.2727 1 0 1
0, 0 0 0.55 0.2727 0 0 0
0, 0 0 0.55 0.2727 1 0 0
0, 0 0 0.55 0.2727 0 0 0
0, 0 0 0.55 0.2727 0 1 0
0, 0 0 0.55 0.2727 0 1 0
0, 0 0 0.55 0.2727 0 1 0
0, 0 0 0.55 0.2727 0 0 0
0, 0 0 0.55 0.2727 0 0 0
0, 0 0 0.55 0.2727 0 0 0
0, 0 0 0.55 0.2727 0 0 0
0, 0 0 0.55 0.2727 0 0 1
0, 0 0 0.55 0.2727 0 0 0
0, 0 0 0.55 0.2727 0 0 0
0, 0 0 0.55 0.2727 0 0 1
0, 0 0 0.55 0.2727 0 0 0
0, 0 0 0.55 0.2727 0 0 0
0, 0 0 0.55 0.2727 0 0 1
0, 0 0 0.55 0.2727 0 0 0
0, 0 0 0.55 0.2727 0 0 0
0, 0 0 0.55 0.2727 0 1 1
0, 0 0 0.55 0.2727 1 1 1
0, 0 0 0.55 0.2727 1 1 0
0, 0 0 0.55 0.2727 0 0 0
0, 0 0 0.55 0.2727 1 0 0
0, 0 0 0.55 0.2727 0 0 0
0, 0 0 0.55 0.2727 0 0 0
0, 0 0 0.55 0.2727 1 0 0
0, 0 0 0.55 0.2727 0 1 0
0, 0 0 0.55 0.2727 0 0 1
0, 0 0 0.55 0.2727 0 0 0
0, 0 0 0.55 0.2727 1 1 1
0, 0 0 0.55 0.2727 1 0 0
0, 0 0 0.55 0.2727 0 0 1
0, 0 0 0.55 0.2727 0 0 0
0, 0 0 0.55 0.2727 0 0 1
0, 0 0 0.55 0.2727 0 0 0
0, 0 0 0.55 0.2727 0 0 1
0, 0 0 0.54 0.2626 0 1 1
0, 0 0 0.54 0.2626 0 1 0
0, 0 0 0.54 0.2626 0 0 1
0, 0 0 0.54 0.2626 0 0 0
0, 0 0 0.54 0.2626 0 0 0
0, 0 0 0.54 0.2626 0 0 0
0, 0 0 0.55 0.2501 0 0 1
0, 0 0 0.55 0.2501 0 0 0
0, 0 0 0.55 0.2501 0 1 1
0, 0 0 0.55 0.2501 0 0 1
1, 0 0 0.55 0.2501 1 1 0
0, 0 0 0.55 0.2501 0 0 0
0, 0 0 0.55 0.2501 0 0 0
0, 0 0 0.55 0.2501 0 0 0
0, 0 0 0.6 0.2779 0 1 0
0, 0 0 0.6 0.2779 0 0 0
0, 0 0 0.6 0.2779 0 0 0
0, 0 0 0.6 0.2779 0 0 0
0, 0 0 0.6 0.2779 0 1 0
0, 0 0 0.6 0.2779 0 0 1
0, 0 0 0.6 0.2779 0 0 0
0, 0 0 0.6 0.2779 1 0 0
0, 0 0 0.6 0.2779 0 0 0
0, 0 0 0.6 0.2779 0 0 0
0, 0 0 0.6 0.2779 0 0 0
0, 0 0 0.6 0.2779 0 0 0
0, 0 0 0.6 0.2779 0 0 0
0, 0 0 0.6 0.2779 0 1 0
0, 0 0 0.6 0.2779 1 0 0
0, 0 0 0.6 0.2779 0 1 0
0, 0 0 0.6 0.2779 0 0 1
0, 0 0 0.6 0.2779 1 1 0
0, 0 0 0.6 0.2779 0 0 1
0, 0 0 0.6 0.2779 0 0 0
0, 0 0 0.6 0.2779 0 0 1
0, 0 0 0.6 0.2779 0 0 0
0, 0 0 0.6 0.2779 0 0 0
1, 0 0 0.6 0.2779 0 1 1
0, 0 0 0.6 0.2779 1 0 0
0, 0 0 0.6 0.2779 0 0 0
0, 0 0 0.6 0.2779 0 1 0
0, 0 0 0.6 0.2779 0 0 1
0, 0 0 0.54 0.2703 0 0 0
0, 0 0 0.54 0.2703 0 0 0
0, 0 0 0.54 0.2703 0 0 1
0, 0 0 0.54 0.2703 0 0 0
0, 0 0 0.54 0.2703 0 0 0
0, 0 0 0.54 0.2703 0 0 0
0, 0 0 0.54 0.2703 0 0 0
0, 0 0 0.54 0.2703 0 0 0
0, 0 0 0.54 0.2703 1 0 0
0, 0 0 0.54 0.2703 0 0 0
1, 0 0 0.54 0.2703 1 1 0
1, 0 0 0.54 0.2703 1 0 0
1, 0 0 0.57 0.2653 1 0 0
1, 0 0 0.57 0.2653 0 1 0
1, 0 0 0.57 0.2653 1 0 0
0, 0 0 0.57 0.2653 0 0 0
0, 0 0 0.57 0.2653 0 0 0
0, 0 0 0.57 0.2653 0 0 0
0, 0 0 0.57 0.2653 0 0 1
0, 0 0 0.57 0.2653 0 0 0
0, 0 0 0.57 0.2653 0 0 0
0, 0 0 0.57 0.2653 0 0 0
0, 0 0 0.57 0.2653 1 0 1
0, 0 0 0.57 0.2653 1 0 0
0, 0 0 0.57 0.2653 0 0 0
0, 0 0 0.57 0.2653 0 1 0
0, 0 0 0.57 0.2653 0 0 1
0, 0 0 0.57 0.2653 0 0 0
0, 0 0 0.57 0.2653 0 0 0
0, 0 0 0.57 0.2653 0 0 0
0, 0 0 0.57 0.2653 0 0 1
0, 0 0 0.57 0.2653 1 0 0
0, 0 0 0.57 0.2653 0 1 0
0, 0 0 0.57 0.2653 0 1 0
0, 0 0 0.57 0.2653 0 0 0
0, 0 0 0.57 0.2653 0 0 0
0, 0 0 0.57 0.2653 0 0 1
0, 0 0 0.57 0.2653 0 0 0
0, 0 0 0.57 0.2653 0 0 0
0, 0 0 0.57 0.2653 1 0 0
0, 0 0 0.57 0.2653 0 0 0
0, 0 0 0.57 0.2653 0 0 0
0, 0 0 0.57 0.2653 0 0 1
0, 0 0 0.57 0.2653 0 0 0
0, 0 0 0.57 0.2653 0 0 0
0, 0 0 0.57 0.2653 1 0 0
0, 0 0 0.57 0.2653 0 0 1
0, 0 0 0.57 0.2653 0 1 0
0, 0 0 0.57 0.2653 0 1 0
0, 0 0 0.57 0.2653 0 0 0
0, 0 0 0.57 0.2653 0 0 0
0, 0 0 0.58 0.25 0 0 1
0, 0 0 0.58 0.25 1 0 0
0, 0 0 0.58 0.25 0 1 1
0, 0 0 0.58 0.25 0 0 0
0, 0 0 0.58 0.25 0 0 0
0, 0 0 0.58 0.25 1 0 1
0, 0 0 0.58 0.25 0 0 1
0, 0 0 0.58 0.25 0 0 0
0, 0 0 0.58 0.25 1 0 0
0, 0 0 0.58 0.25 0 0 0
0, 0 0 0.58 0.25 1 0 1
0, 0 0 0.58 0.25 0 0 0
0, 0 0 0.58 0.25 0 0 0
0, 0 0 0.51 0.2726 0 0 1
0, 0 0 0.51 0.2726 0 0 0
0, 0 0 0.51 0.2726 0 0 0
0, 0 0 0.51 0.2726 1 0 1
1, 0 0 0.51 0.2726 1 1 1
1, 0 0 0.51 0.2726 1 0 0
1, 0 0 0.51 0.2726 1 0 0
0, 0 0 0.51 0.2726 0 0 0
0, 0 0 0.51 0.2726 0 0 0
0, 0 0 0.51 0.2726 0 0 0
0, 0 0 0.51 0.2726 0 0 1
0, 0 0 0.51 0.2726 0 0 0
0, 0 0 0.51 0.2726 0 1 0
0, 0 0 0.51 0.2726 0 0 0
0, 0 0 0.51 0.2726 0 0 0
0, 0 0 0.51 0.2726 0 0 1
0, 0 0 0.51 0.2726 0 0 0
0, 0 0 0.51 0.2726 0 0 1
0, 0 0 0.51 0.2726 0 0 0
0, 0 0 0.51 0.2726 0 0 0
0, 0 0 0.51 0.2726 1 0 0
0, 0 0 0.51 0.2726 1 0 0
0, 0 0 0.51 0.2726 1 0 0
0, 0 0 0.51 0.2726 0 0 0
0, 0 0 0.51 0.2726 1 1 1
0, 0 0 0.51 0.2726 1 0 0
0, 0 0 0.51 0.2726 0 1 1
0, 0 0 0.51 0.2726 0 0 0
0, 0 0 0.51 0.2726 1 0 0
0, 0 0 0.51 0.2726 0 1 0
0, 0 0 0.51 0.2726 0 0 0
0, 0 0 0.51 0.2726 0 0 0
0, 0 0 0.51 0.2726 0 0 0
0, 0 0 0.51 0.2726 1 0 0
0, 0 0 0.51 0.2726 0 0 1
0, 0 0 0.51 0.2726 0 1 0
0, 0 0 0.51 0.2726 0 0 0
0, 0 0 0.51 0.2726 0 0 0
0, 0 0 0.51 0.2726 0 0 1
0, 0 0 0.51 0.2726 0 0 1
0, 0 0 0.51 0.2726 0 1 0
0, 0 0 0.51 0.2726 0 0 0
0, 0 0 0.6 0.2653 0 1 0
0, 0 0 0.6 0.2653 0 1 1
0, 0 0 0.6 0.2653 0 1 0
0, 0 0 0.6 0.2653 0 0 0
0, 0 0 0.6 0.2653 1 0 0
0, 0 0 0.6 0.2653 1 0 0
0, 0 0 0.59 0.2735 0 1 0
0, 0 0 0.59 0.2735 0 0 0
1, 0 0 0.59 0.2735 0 1 1
0, 0 0 0.59 0.2735 0 1 0
0, 0 0 0.59 0.2735 1 0 0
0, 0 0 0.59 0.2735 0 1 1
0, 0 0 0.59 0.2735 0 0 0
0, 0 0 0.59 0.2735 0 0 0
0, 0 0 0.59 0.2735 0 0 0
0, 0 0 0.59 0.2735 0 0 0
0, 0 0 0.59 0.2735 0 0 1
0, 0 0 0.6 0.2714 0 0 0
0, 0 0 0.6 0.2714 0 0 1
0, 0 0 0.6 0.2714 0 0 0
0, 0 0 0.6 0.2714 0 0 0
0, 0 0 0.6 0.2714 0 0 0
0, 0 0 0.6 0.2714 0 0 1
0, 0 0 0.6 0.2714 0 0 1
0, 0 0 0.6 0.2714 0 0 0
0, 0 0 0.6 0.2714 0 0 0
0, 0 0 0.6 0.2714 1 0 0
0, 0 0 0.6 0.2714 1 1 0
0, 0 0 0.6 0.2714 0 0 0
0, 0 0 0.6 0.2714 0 0 0
0, 0 0 0.6 0.2714 0 0 0
0, 0 0 0.6 0.2714 0 0 0
0, 0 0 0.6 0.2714 0 0 1
0, 0 0 0.6 0.2714 0 0 0
0, 0 0 0.6 0.2714 0 0 0
0, 0 0 0.6 0.2714 1 0 0
0, 0 0 0.6 0.2714 0 0 0
0, 0 0 0.6 0.2714 1 0 0
0, 0 0 0.6 0.2714 0 0 0
0, 0 0 0.6 0.2714 1 0 0
0, 0 0 0.6 0.2714 0 0 0
0, 0 0 0.6 0.2714 0 1 1
0, 0 0 0.6 0.2714 0 0 0
0, 0 0 0.6 0.2714 0 1 1
0, 0 0 0.6 0.2714 0 0 0
0, 0 0 0.6 0.2714 0 0 0
0, 0 0 0.6 0.2714 0 0 0
0, 0 0 0.6 0.2714 0 0 1
0, 0 0 0.6 0.2714 0 0 0
0, 0 0 0.6 0.2714 0 0 0
0, 0 0 0.6 0.2714 0 1 0
0, 0 0 0.6 0.2714 0 0 0
0, 0 0 0.45 0.2773 0 0 0
0, 0 0 0.45 0.2773 0 1 0
0, 0 0 0.45 0.2773 1 0 1
0, 0 0 0.45 0.2773 1 0 0
0, 0 0 0.45 0.2773 0 0 1
0, 0 0 0.45 0.2773 0 0 0
0, 0 0 0.45 0.2773 0 0 1
0, 0 0 0.45 0.2773 0 0 1
0, 0 0 0.45 0.2773 1 0 1
0, 0 0 0.45 0.2773 0 0 0
0, 0 0 0.45 0.2773 0 0 0
0, 0 0 0.45 0.2773 0 0 0
1, 0 0 0.45 0.2773 1 0 0
0, 0 0 0.45 0.2773 0 0 1
1, 0 0 0.45 0.2773 1 1 1
1, 0 0 0.45 0.2773 1 0 0
0, 0 0 0.45 0.2773 1 0 0
0, 0 0 0.45 0.2773 0 0 0
0, 0 0 0.45 0.2773 0 1 0
0, 0 0 0.45 0.2773 0 0 0
0, 0 0 0.45 0.2773 0 0 1
0, 0 0 0.45 0.2773 0 0 1
0, 0 0 0.45 0.2773 0 1 0
0, 0 0 0.45 0.2773 0 0 0
